100
2 1
100 20
200 10
2 2
100 20
200 10
3 2
100 10
100 10
100 10
4 2
9 3
7 1
10 1
8 4
6 4
33948 222222
138047 54648
103896 72611
232323 32472
87912 85813
14391 524216
3 1
53683 878080
59690 789713
689333 68382
4 3
9576 374187
240856 14877
32538 110124
4158 861764
9 2
516312 138070
680920 864623
788001 698324
495196 805594
501425 222884
692339 362468
569313 447788
367619 685286
149813 401317
7 4
637590 29997
24710 774010
129720 147439
23015 831014
44318 431558
445511 42930
58175 328763
10 5
3638 360138
3598 341833
3260 360014
3917 314138
3083 344980
13931 7
3812 394396
12671 62
11861 77
3228 392227
5 1
26667 2665
278315 25
25665 2075
299927 1
21711 2236
6 4
137826 79212
15314 712908
514878 21204
20254 539028
16744 652023
19251 567112
9 5
69316 70686
30888 158627
192984 25389
32164 152334
304668 16082
50778 96492
22661 216216
410564 11934
43043 113832
6 1
29219 2715
288061 57
278883 85
22508 2366
20691 2598
22531 2622
8 6
46977 427941
319046 445963
481364 859352
299425 160516
422755 654057
486621 755936
428402 551430
390673 361705
5 3
225085 357889
241885 333032
522775 154092
97173 828990
411438 195790
8 5
28152 191919
23868 226366
8398 643356
208012 25974
164502 32844
159068 33966
329004 16422
564213 9576
9 5
61161 281736
44892 383838
875394 19684
135198 127452
241832 71253
39672 434343
71079 242424
308009 55944
40774 422604
2 1
606283 594426
166555 800328
9 5
23645 2591
22465 2568
21389 2607
22387 2284
20786 2911
20462 2010
291128 90
24447 2237
250132 78
5 1
19576 95
3342 302952
17763 95
3338 398598
3322 356376
8 3
156821 220928
921906 37581
85511 405166
42467 815837
402806 86012
129863 266790
295419 117278
165250 209659
6 4
666130 82144
479275 837933
481807 483503
724040 523845
600546 890925
948797 475286
2 1
74471 754861
281110 199976
7 3
553523 953155
991946 879577
165203 936634
751425 698694
38998 360683
721247 444876
869928 267556
8 3
77691 763010
88201 672090
308695 192031
82777 716129
169225 350297
273906 216421
440592 134544
714291 82990
10 5
57430 459519
263675 100086
806669 32715
33942 777508
51646 510982
53964 489033
702296 37577
633192 41678
599804 43998
32861 803085
8 2
3987 361028
3553 303955
3084 364364
11367 40
3221 338323
3637 360270
16518 14
3451 327641
7 2
258116 889656
997920 889690
637354 64161
620155 371610
282238 657145
172164 731847
197724 166355
2 2
289478 51948
134757 111592
7 5
29608 2836
29444 2435
29858 2899
219247 20
20632 2249
26589 2904
254557 10
4 3
240772 12
27083 2027
27470 2860
21736 2054
9 4
114096 409690
384941 531822
704394 422941
407727 854752
244302 958697
353414 401290
570052 777689
525958 22292
991839 771878
2 2
85932 135546
49476 235422
6 2
615727 955789
145960 701874
390481 377564
221695 592195
706740 884326
171850 280557
4 3
30969 284648
75348 116994
16744 526473
24087 365976
4 2
277780 71
24377 2660
23845 2026
21811 2313
7 2
324413 462583
644000 287051
763725 519918
107008 923502
452275 540712
782716 672402
315040 697722
6 4
27972 199342
60606 92004
719576 7749
242424 23001
9324 598026
467236 11934
3 1
55436 804824
140656 317201
59152 754264
3 1
22771 2494
22476 2806
208913 6
7 2
74314 677314
305339 164846
146905 342629
637243 78987
115135 437173
55437 907948
514867 97761
10 2
97195 364068
890705 762144
271379 880007
39450 613028
888736 421591
185460 142343
471885 15738
73485 65294
952730 711796
557358 12895
2 1
601046 65671
90998 433760
2 2
31668 251658
140244 56826
9 2
255619 73842
302913 62313
152631 123667
146546 128802
42490 444232
58989 319982
76301 247381
20699 911900
29015 650540
7 1
3459 389879
3973 323982
3476 387791
3967 325307
3749 302282
13016 27
14020 93
5 2
258983 283475
293756 249919
125080 586946
356063 206186
685342 107122
1 1
1 1
4 3
3437 303663
3305 310611
3735 355557
10116 96
4 3
209797 144072
186354 162196
68034 444276
809217 37352
9 3
977057 62002
129278 690932
405267 872867
568692 900170
284838 670668
313455 79811
168948 788587
750401 220237
167440 215587
7 1
205410 424868
229476 114713
815101 303415
867395 366459
624840 397354
762873 968189
14972 526814
4 2
971208 391260
587841 38767
76016 891418
378931 905015
3 1
960317 711910
887771 589520
765050 479912
4 1
461406 100862
872282 201086
57754 95064
791596 302675
10 6
26177 2651
23492 2252
263564 44
254916 43
21865 2688
269878 54
24165 2426
22080 2814
20304 2902
22294 2028
2 1
3683 397129
18701 50
6 2
28147 995924
253532 110567
67017 418286
60221 465490
34098 822109
237252 118154
6 2
299152 15
218332 42
25229 2224
29087 2434
27124 2431
25420 2157
5 1
3075 323035
3446 355892
3604 382243
14650 56
10019 51
8 5
3172 336312
3014 386632
13778 75
3913 318099
19282 57
3169 394465
3399 376137
3140 326995
3 1
28681 2303
21076 2466
208536 54
7 5
85110 261429
498460 497521
77014 672806
300414 363472
740598 130738
539427 349085
32983 653685
8 5
898884 29822
29016 923853
354978 75516
157768 169911
144522 185484
414141 64728
57564 465682
420732 63714
2 1
821390 855132
636646 832982
5 3
28833 2683
22883 2662
290380 87
295334 25
21711 2130
7 1
3070 361710
3283 343150
3336 322033
3809 304058
11649 53
17958 26
3914 358764
10 6
380808 30107
249228 46002
629391 18216
16632 689333
79464 144279
293733 39032
124614 92004
35343 324392
337722 33948
11781 973176
7 3
40342 498221
865600 23220
25646 783718
500616 40149
374720 53638
26043 771771
346240 58050
7 3
25321 2097
207928 92
29079 2350
297957 55
24937 2927
28314 2211
20518 2598
5 2
23602 2436
28000 2477
26312 2082
273524 75
209458 29
4 1
121683 696420
594827 331521
246901 770878
460014 86668
4 3
455532 28638
118881 109736
81141 160776
165242 78948
6 4
3745 379980
18019 76
3483 301897
3385 329242
3991 357789
14026 63
2 1
12015 81
3905 389572
8 3
3416 353709
3065 339236
3892 354424
3055 366927
15079 78
3042 306532
3724 366215
14555 42
10 3
299158 70
27129 2122
228785 93
220055 18
28621 2010
24125 2612
29696 2315
29893 2386
27126 2061
20841 2258
10 6
913234 77004
213624 329189
251937 279128
456617 154008
418692 167958
192696 364941
394568 178227
846486 83076
162196 433566
98728 712287
2 1
57290 529050
36835 822839
8 5
593572 68634
128412 317254
655836 62118
256824 158627
745416 54653
258013 157896
719304 56637
869159 46872
9 6
200397 229549
517976 88809
98578 466645
139937 328726
266533 172590
95162 483396
89287 515203
587616 78284
419506 109655
4 3
53670 875922
48834 962664
427083 110074
992793 47352
4 2
235633 24
29406 2875
20286 2240
20108 2357
5 2
17630 34
3786 338015
16783 23
3980 353076
3602 389459
10 6
945054 18676
100233 176088
267288 66033
168084 105006
183816 96019
91908 192038
601398 29348
602301 29304
22011 801864
35604 495726
7 4
3370 377457
13791 20
3294 399906
3227 371161
17020 49
3102 306235
3512 383778
8 2
27393 2621
25748 2481
22800 2040
23288 2068
224121 59
25723 2233
23636 2001
228368 89
8 4
3681 318827
3339 305653
16453 44
10737 24
3673 396653
3678 372357
3346 353983
3791 302612
8 2
117792 705352
724657 114654
245342 338649
210672 394380
240783 345061
595381 139549
131552 631574
89972 923452
10 6
20777 2783
22926 2547
281173 66
21484 2707
247605 50
28438 2550
266097 73
27418 2594
24073 2604
22522 2488
7 2
949803 87320
130626 634918
359012 231014
209690 395521
749210 110699
149936 553148
614333 135003
2 1
13731 87
3809 321928
10 6
3145 309766
3978 358933
3358 366871
15338 88
11096 74
16146 97
3743 389223
3332 385627
3479 349665
3900 335922
9 6
26032 2438
25828 2670
29829 2905
261027 92
29967 2167
25292 2460
21389 2866
29976 2624
213824 28
3 2
3300 371448
15776 9
3519 322051
8 5
186354 87172
280364 57942
951048 17081
30856 526473
285418 56916
248472 65379
430236 37758
67599 240312
10 3
308580 510611
975943 548276
771898 743300
79148 659792
977689 266857
171167 458569
622404 706321
846601 556579
253808 213657
194289 484916
2 1
3787 397732
11807 20
10 10
1000000 1000000
1000000 1000000
1000000 1000000
1000000 1000000
1000000 1000000
1000000 1000000
1000000 1000000
1000000 1000000
1000000 1000000
1000000 1000000
