100
1 1
540 600
840 900
2 0
900 1260
180 540
1 1
1439 1440
0 1
1 0
724 1440
0 2
540 900
180 540
2 0
1074 1440
808 1074
0 1
1333 1440
2 0
922 969
280 775
1 1
673 819
1086 1440
2 0
813 947
1202 1440
1 0
769 1440
0 2
611 760
1042 1188
1 1
481 875
143 481
0 2
204 310
310 520
1 0
833 1440
1 0
1257 1440
0 2
954 971
728 954
2 0
1080 1430
10 360
0 2
1014 1440
739 1014
2 0
991 1284
1284 1440
2 0
1080 1430
11 361
2 0
130 356
1233 1440
2 0
81 226
226 585
0 2
1159 1210
1210 1440
2 0
1293 1440
1115 1293
2 0
769 956
956 1440
2 0
1373 1440
308 536
1 1
72 220
603 877
2 0
10 360
1079 1429
2 0
94 292
79 94
1 0
1392 1440
1 0
844 1440
1 1
918 923
80 220
0 1
732 1440
2 0
869 1142
232 286
2 0
501 563
563 771
1 0
921 1440
1 0
332 985
0 2
180 540
541 901
2 0
1079 1429
0 360
2 0
61 330
948 985
0 1
813 1440
2 0
725 1188
1188 1440
1 1
514 753
1286 1427
0 2
74 203
203 699
0 2
1359 1440
574 922
2 0
472 907
907 1172
0 1
1254 1440
2 0
986 1086
1086 1440
0 2
527 818
1405 1440
0 2
1000 1436
1436 1440
2 0
769 911
1379 1440
0 2
634 679
841 1440
0 1
840 1440
0 2
1190 1440
1117 1190
0 2
179 539
540 900
2 0
1289 1440
1223 1289
1 1
0 1
1439 1440
1 1
859 917
1413 1440
0 1
1290 1331
1 1
1303 1440
1286 1303
0 1
839 1440
1 1
1392 1440
202 398
1 0
68 781
0 2
10 360
1080 1440
1 0
424 709
0 2
913 1440
11 141
0 2
1397 1440
525 1163
1 1
291 1006
1261 1440
0 1
910 948
0 1
885 1440
2 0
0 1
1439 1440
2 0
1213 1440
69 448
0 2
864 1071
1071 1440
2 0
1071 1359
1359 1440
0 2
537 775
1283 1416
0 2
1350 1440
1275 1313
2 0
160 274
274 326
0 2
773 1212
1212 1440
0 2
677 951
951 1002
0 2
1240 1440
640 771
2 0
789 866
645 789
0 2
1161 1343
653 1161
1 1
466 645
252 466
1 0
345 529
2 0
1243 1440
1193 1243
0 2
0 360
1080 1440
1 0
1269 1440
0 2
864 1269
1269 1440
0 2
1080 1440
11 361
2 0
1295 1440
1095 1295
0 2
885 974
547 885
2 0
823 846
715 823
1 0
810 1020
0 2
1073 1440
767 1073
0 2
0 1
1439 1440
0 2
1077 1440
899 1077
2 0
0 360
1080 1430
0 2
832 1301
745 832
0 2
194 473
473 893
