99
2525 1
2400 5
300 2
120 60
60 90
50825284 1
40276937 2800
308151679 1
122478687 7306
866999364 1
744457146 4448
18770132 1
13888336 3775
1000000000 2
12345675 3
12345676 2
428915555 1
212074696 9927
337034229 1
220691308 362
951940152 1
117275549 8794
454219476 1
257468426 3189
201007751 1
45241102 7090
1000000000 1
999999999 10000
1000000000 2
1 3
2 2
119306785 1
26520476 9336
2 1
1 1
851259744 2
782548178 5652
729113704 9421
709419821 1
681627233 5331
404186117 1
56820597 8853
422931929 1
135446189 6286
563907063 1
178380330 3831
1000000000 2
999999998 3
999999999 2
219812938 1
154138885 101
185462495 1
22749346 5253
545982776 1
208506069 6369
15635083 1
6632077 7694
127437840 1
40110767 4803
1000000000 1
1 10000
853780377 1
257594635 5567
771335294 1
52989610 8464
357032983 1
77685746 182
749551773 1
268387081 8597
218384034 1
155144868 8039
778827223 1
377429882 932
384276362 1
332994639 8420
465957169 1
234176459 172
970123201 1
719854796 6431
193158196 1
166672728 138
69935114 1
46170413 707
897068508 1
95407288 9256
180949870 1
116824043 8848
150706688 1
122562322 8088
623515359 1
231185841 4701
66911606 1
13877972 1386
253397965 1
41430917 8387
823531574 1
726207989 6827
923287332 1
438617148 2145
164943810 1
113127559 5839
145890508 1
23925 8066
596283910 1
448703735 2853
535170318 1
307326106 5213
51720159 1
29953205 2022
149438582 1
140880152 3637
95597368 1
8882594 9534
633884393 1
377264199 1999
129976392 1
44418275 8422
22250086 1
5872480 4597
1000000000 2
999999997 3
999999998 2
308044667 1
152524498 4960
273958688 1
74324277 3126
59851367 1
9250381 1431
388150964 1
335916852 313
261019393 1
27020439 3465
1000000000 2
998000000 10000
999000000 10000
127212721 1
5361734 9510
1000000000 2
999999997 2
999999996 3
803481968 1
671329872 2282
722844156 2
767382 428
339972900 1951
753774743 1
57058747 7464
1000000000 1
1 1
753922171 1
4415490 462
200000 2
5001 1
5000 10
929090350 1
490080127 5226
2 1
1 10000
114201370 1
39600829 2038
326045090 1
86504465 2150
792882650 1
401555152 8789
620997016 1
404513859 6496
557279105 1
41004961 9319
1000000000 2
998000000 1
999000000 1
1000000000 1
999999999 1
425441383 1
328854084 8598
840818767 1
771841866 4292
936127174 1
198520808 8014
418543763 1
368677391 4977
642986037 1
10131767 6515
94521338 1
2874556 608
1000000000 2
100 10000
200 10000
240779875 1
219145132 2576
88113730 1
82149242 9552
259702551 1
8749753 5152
963791502 1
39923245 9932
515655462 1
499638975 9800
243680080 1
22323306 1205
602904062 1
588626907 4380
869259789 1
712322962 7536
884948144 1
363869857 2926
271935350 1
189298759 5565
35711352 1
20036970 1322
